kpindices,,,,,,,,,,,,,,,,,,,,,,,,,,,,,,,,
4425146.699,10136152.26,8866902.52,7452442.239,4043013.499,1780584.388,-2460338.493,290110.0691,-654096.7765,1517876.184,1152437.987,818377.7257,3310714.325,137848.8264,-2053264.462,74390.78266,753267.2628,644822.7165,-1984038.99,1353568.946,-1973794.874,99257.42416,-247440.402,560704.9678,791237.0351,1523730.313,398102.312,1210994.403,4181943.742,5338265.736,7676080.16,6509108.47,-222113.3823
26786661.43,37086897.94,42015840.8,38453376.01,23612436.9,13543487.79,6937418.611,4099895.165,2344994.64,1726312.081,1450762.327,1410966.216,1706341.6,1349217.789,1083732.11,1006705.966,1117278.551,1145570.278,1224688.036,563202.0416,971731.4224,1336690.38,1557630.261,1381627.26,3440501.755,5345017.763,8388541.367,14273453.76,24410596.76,38399869.75,41360927.78,33701081.19,19844061.93
43961844.48,53493776.66,61397582.96,56084404.38,38175408.5,24063049.55,15509615.09,10860905.22,6910394.864,5275106.449,3964173.182,3050032.593,2719825.872,2537919.156,1898678.067,1477175.276,1282207.624,1612091.853,2385996.285,2054166.303,2489112.81,3488229.07,4669986.301,6644900.727,10058548.25,15219165.55,20332502.12,28623796.66,40375766.93,56806474.04,62941170.48,56333672.52,45485992.03
36625588.98,42944443.87,50220182.15,48253539.3,35742172.74,26094054.92,18966267.58,13655444.91,9186149.179,6084296.892,4748567.36,3850305.18,2612444.983,2638504.523,2296160.752,2117862.968,1311774.927,2091156.125,2830756.52,3095913.257,4054718.591,5534664.607,6923646.645,9713304.722,13386486.02,18268336.85,23702197.65,30427192.47,38471663.91,44866512.94,47898100.92,44411775.1,40391729.87
12147602.34,17764229.16,20445567.27,18499610.05,16347032.63,11125547.97,9275599.765,6672465.54,4964765.85,3496166.635,2353909.876,1992736.686,1631382.259,1330188.589,902712.1909,908339.0017,806648.9355,1187539.149,1433507.712,1839180.28,2361073.897,3112715.638,3987796.784,5807990.326,7101127.305,9537176.921,12230494.72,14884924.07,19146218.64,20481877.89,20114101.65,18250143.17,16070177.81
,,,,,,,,,,,,,,,,,,,,,,,,,,,,,,,,
seasonindices,,,,,,,,,,,,,,,,,,,,,,,,,,,,,,,,
-2886178.899,-2180740.435,-2865318.285,-2532444.188,-1437538.496,-871864.0381,-1155565.388,-595253.663,-690665.6145,-422800.2051,-503862.9653,-99742.51153,-325463.5769,-197228.0103,89613.6855,793929.7581,38753.24012,187635.1877,-190094.9171,-44662.14845,23601.50013,304879.8812,-611.4990323,129844.1436,292486.2577,149680.3645,222978.4756,442816.756,346291.9757,826540.4029,2081257.512,2407441.437,1826069.402
-2829724.151,-2808075.19,-2934421.746,-2297449.773,-2168885.497,-1801993.646,-1298585.489,-803648.1913,-580621.4703,-415377.0032,-323035.0638,-244439.0905,-195289.0474,-150850.7084,-101068.6616,-34914.12513,54979.72167,45888.72943,63917.70272,83111.45748,136539.0676,145738.1732,137630.943,308000.3633,272333.5427,344087.1465,361575.4793,596321.8809,743167.6889,974969.6974,1554185.939,2037802.127,1930031.415
-1968255.583,-1966351.724,-1915861.99,-1136470.13,-1607575.603,-1783012.107,-1517049.414,-1045181.873,-774962.9042,-590691.8864,-527125.2741,-427325.4939,-362966.7524,-287366.4058,-175004.7152,-135910.591,20098.10016,13533.86552,127905.9967,257947.0801,200901.6178,246822.0805,305103.9964,326740.6898,361590.904,439738.9455,470711.9028,670805.0717,969579.0101,892907.382,782491.6532,873903.5745,1029908.134
-1176107.106,-869428.2653,-543858.3843,-196931.572,-824761.1109,-923318.587,-1060103.23,-887871.6141,-804467.5363,-614422.6944,-487340.3242,-497920.0591,-384858.512,-294648.5344,-244225.7568,-158678.726,9863.326483,34093.71564,150198.4418,413441.3023,336893.2468,297224.3823,311547.8268,378580.3396,403955.1709,415776.1771,579294.2759,660639.2142,897184.776,767339.4775,582148.3403,634300.2915,704672.7117
-686080.7924,-338482.938,-193217.3243,-172551.097,-520343.1656,-422104.6659,-535911.8668,-510850.4185,-498090.6714,-439396.4329,-351796.6691,-324500.8758,-261050.4418,-233622.5285,-188912.3927,-81241.71553,-91539.14721,-51721.56345,49800.20503,137343.1542,170734.5278,63172.6667,-88678.45364,150182.0643,146646.9442,275504.8266,416930.9023,423557.2768,688924.1306,857879.6937,146878.8386,412437.8929,346256.5383
,,,,,,,,,,,,,,,,,,,,,,,,,,,,,,,,
logf10indices,,,,,,,,,,,,,,,,,,,,,,,,,,,,,,,,
43713839.87,23551811.52,5007669.079,1207933.085,20454372.26,31925746.46,24533126.16,28990306.8,13413485.44,23509151.45,13295844.43,19162964.16,-14788354.83,10265048.76,12547960.43,-17229743.63,21646586.64,425946.993,-1694563.955,-3671165.764,12030716.29,-1098159.38,19080766.76,10390802.09,10794464.53,5192455.578,9762261.607,9920136.232,9716369.862,-12862096.71,-31744565.33,-33563198.57,-44173811.6
28134313.49,6835261.565,11434901.73,19646410.03,36821555.68,50079678.28,56334402.24,47270009.74,46394131.65,51597944.09,52494094.68,55081677.28,58859932.18,64027986.1,71070536.89,76771769.73,75191287.63,64458637.57,58705056.99,58003175.98,51567463.84,47289717.29,52030052.03,47963375.2,48435035.73,40557483.42,44114487.27,42833858.68,42291291.8,12871809.86,-22637265.41,-13503572.89,-10093873.46
78059080.47,64739996.88,75449792.25,97156078.82,116265533.3,107745550.8,111745122.6,109534964.6,112367299.5,114571767.2,118140683.1,127336797.6,135027794.3,134538162.6,142749349.6,149377951.7,150052621.8,133019230.7,131670394.8,123717972.4,115924398.2,113658436.8,118304160.3,115309705.9,111595046,113580389.7,114804170,104620876.7,105140871.6,86383716.32,54512728.65,33505091.3,52872129.18
124671478,93791007.92,113831366.1,112201945.9,129978307.3,114217006.7,112420407.4,114351601.1,116629081,119677515.4,125065596.3,134062583.7,136456367.8,141937645,148246245,146150373.7,144908759.6,137425523.2,137570968.5,123789969,121621332.7,122379870.4,119812157.7,111557348.4,112710759.7,115033669.1,111602502.6,110293331.8,120823883.5,110407286.1,88084664.5,58993270.24,66048871.47
38077891.81,18236985.55,53429881.54,49508078.03,57250838.94,59723932.73,50094853.39,53653305.24,54636645.05,56070445.92,65056537.36,67840491,67538547.76,71510841.98,74870449.7,75051988.3,72437079.48,72728204.43,67307811.05,60213266.58,57377809.76,60840940.88,52817997.12,48103408.9,47251568.56,55232360.59,62733457.26,69195331.62,61281805.71,52187044.26,51606399.38,44469163.84,45498074.53
,,,,,,,,,,,,,,,,,,,,,,,,,,,,,,,,
com1indices,,,,,,,,,,,,,,,,,,,,,,,,,,,,,,,,
-924235.3189,-58304.77257,-2604798.517,-1426855.944,232516.8084,1012718.662,-107046.5134,1361348.712,117157.3926,-114978.8346,12140.23933,602654.9647,612495.4074,926445.4134,3130452.83,9168086.504,1202928.634,3566206.937,2571288.323,2629520.402,1351751.508,4546442.09,1348345.998,2405385.743,4037025.137,6155436.26,10003736.93,14640555.46,18534103.64,27433531.66,38864495.28,43548541.08,43319391.39
-3651641.598,-4729159.04,-5002316.913,-3117766.753,-1258140.255,-761114.1212,-440010.8932,348088.0817,248339.6906,63930.85085,-156528.9309,-150880.1771,-179182.7405,-331776.2625,-330216.5491,-267527.2289,-176132.6732,23752.47782,334639.7223,556668.2177,397067.045,437638.3062,478501.5501,1490618.181,2622875.707,4977308.757,8486532.558,13775764.8,20685398.89,30826066.34,42237624.64,50973600.51,54810008.77
-1793075.124,-2820440.162,-3493980.405,-1374593.089,-389496.6681,73758.95584,16993.74188,866520.6228,612851.4265,361192.6105,162379.3318,90210.85334,-267133.616,-430476.9621,-258354.3741,-246664.4029,-281165.3329,-389092.7322,261282.5945,589432.2005,-31880.00708,85421.6159,471904.627,608949.4191,1779288.672,3314203.658,5354950.547,9088560.678,14663709.3,19894707.28,25967584.42,34825052.03,40285978.79
-2944313.047,-3243314.102,-3439044.306,-2978660.767,-1633223.662,-196768.9528,-146686.0687,394416.8765,112437.4086,401992.2821,480576.1122,22416.14085,-38142.95892,-360381.5277,-451799.6379,-336361.654,-483158.6918,-603006.1859,-574124.8676,210613.4977,-478421.9262,-673670.0367,-282160.145,-222350.5802,887393.0543,2110281.386,4417561.476,6690944.132,10925698.98,14390509.03,16151609.17,20145661.33,23045780.08
-523130.5812,-763031.1124,-1026995.38,-751102.4321,-267723.1264,898148.2975,-30847.47787,207577.7072,34366.80346,-116550.7259,-4862.378473,-242191.5786,-206648.9206,-264252.9104,-433191.3245,-226808.2958,-341575.2109,-519637.6235,-317866.063,37439.32209,5453.492506,-326628.9084,-729263.5654,66771.98485,1226235.15,2078700.593,4061377.555,5349552.596,8761596.927,11340359.78,8142494.953,11057372.11,10628350.72
,,,,,,,,,,,,,,,,,,,,,,,,,,,,,,,,
com2indices,,,,,,,,,,,,,,,,,,,,,,,,,,,,,,,,
48974196.06,41356959.75,41921145.94,37724917.43,25293086.18,18250061.45,15288197.65,9229313.052,6508112.102,3797676.255,2473286.041,947344.9507,1139660.357,998420.8506,888274.0186,43940.92628,195624.8469,29293.25609,1221240.61,580427.4582,400789.3684,499117.4538,633209.348,601552.7178,343334.618,833634.7551,1211050.799,1123532.696,1248044.314,1090323.45,-732840.4937,-1401320.822,156056.3883
48386161.76,45026773.13,43168804.04,37834292.65,28430372.61,20522315.37,13131007.83,7776644.676,5005588.712,3014448.637,1911122.31,1350466.599,966201.8568,645767.2857,524594.4963,252685.1875,-104696.0532,288164.1799,331039.6446,541363.4891,489353.7677,586965.3674,703742.6266,731796.1341,1111651.759,1461167.147,2005147.737,2266826.797,2177474.562,1881181.231,963458.23,-1252218.692,-233517.1575
35075131.36,32759756.66,30337746.59,25397532.37,19928875.25,16599992.16,11402972.84,7391191.659,4880671.409,2992002.383,2527154.146,2162658.148,1513059.465,1132126.674,1092068.907,1153501.036,851373.7083,1404827.58,1279771.73,1440047.757,1748724.177,1707354.489,1843480.295,2106410.863,2563184.303,2514342.359,2680546.895,2286442.152,1160721.554,379389.3285,721653.2602,448448.5508,1013493.956
17855223.97,15822188.98,12992120.27,10530274.26,9432057.356,7452732.266,5978935.929,4308935.565,3099199.332,1813257.552,1326261.662,1257192.305,761769.349,327940.7541,372927.9843,430319.9624,198214.9198,753705.9163,406189.0585,356943.0093,518706.4052,804216.8391,1186586.03,865743.607,1120395.862,997862.6676,412605.8557,-369037.7953,-1869182.672,-2215198.295,-2873080.697,-2600052.001,-1757253.446
11905188.86,7762302.404,7289065.882,6650370.745,6015684.316,4600925.442,3153847.927,2477994.762,1678989.37,931203.6255,820773.7168,593760.2816,452419.7359,578294.7714,427686.7164,329391.6154,513924.3644,710057.5788,211878.6883,445634.9317,474339.4479,769212.093,1093041.551,495997.1144,1132591.825,456720.6026,276285.074,-39382.37781,-356018.8421,-762006.6686,-313895.0645,-454771.3235,-386948.9475
,,,,,,,,,,,,,,,,,,,,,,,,,,,,,,,,
constants,,,,,,,,,,,,,,,,,,,,,,,,,,,,,,,,
-124618427,745079,-81324750,7303824,-43098024,8549448,-31373508,5338017,-51100468,0629325,-64662807,2011053,-43840250,4185444,-51287831,9131948,-12877928,5254804,-31106228,0687424,-7689514,44714868,-18301874,2868117,48083768,3703473,569336,390908829,-5196441,25356722,40457284,3131552,-21900574,8916057,17514358,7750812,25025708,5762047,23808777,0314123,2494583,88197321,16899395,2754470,-16757106,9346139,-2510496,95833020,-5880018,37841351,1678665,05230622,-10378036,8804753,-14880091,4180359,-19421955,9939616,11792588,0777746,30307448,9490386,31886982,1004020,62085388,1518856
-92909672,3238198,-52194367,9326940,-62512888,4595043,-73707058,5991803,-99504096,2149928,-112152068,623585,-110526693,771590,-84783830,4597208,-77008316,6747095,-82903570,7401324,-81621835,4001101,-85720886,1026764,-91790177,3793118,-99700854,8789516,-112404395,585859,-122390739,993522,-118317587,420461,-99665233,4052543,-90007334,4762766,-88879614,7667730,-76702394,8202039,-69567416,4979722,-79574842,9388049,-72487377,6050280,-78702755,3845159,-68366445,7185910,-83553631,4986737,-92200725,5360687,-103875357,519786,-64813755,3326818,-6994467,71654601,-20372755,9519055,-22128491,5577208
-168380084,074065,-137725881,856590,-155976886,316001,-194735176,874958,-237132946,260333,-217879428,996635,-214544877,422034,-202747258,585256,-199977632,141254,-198751509,015549,-203256224,995390,-219823107,271834,-230861526,708763,-227645265,794666,-242854869,035687,-254907915,220081,-253819134,159652,-223389727,020234,-223347257,144927,-208619986,480642,-192471969,997107,-189697830,943759,-201982928,206942,-198045863,587047,-197712198,642319,-207159428,139004,-215325507,095470,-202922992,434293,-210764926,427826,-178265995,656286,-118896031,575449,-87269347,1601637,-130227543,708693
-224647343,634438,-156888994,933755,-193472521,303268,-188937412,802931,-236544337,670669,-210395467,614897,-203620925,278210,-202166210,321886,-199629734,006514,-200708319,206653,-209513230,637926,-224399767,980199,-225600090,857242,-233766675,937408,-245146455,089008,-241358311,286680,-236542186,792028,-224701222,946204,-223787414,022181,-199852701,726231,-195389038,686133,-198795997,943148,-198447531,197550,-184011331,685134,-193021439,315122,-202062596,571601,-199991752,671479,-198640417,799736,-220557254,000616,-199648504,084652,-153023927,056884,-102390917,670315,-125130419,153642
-55884191,1739288,-12897152,0939069,-81068757,1573004,-73922090,2960424,-97664527,3257861,-103265189,259506,-80737010,8371832,-86185574,0754311,-84742103,3395475,-83464713,1374379,-100427821,927623,-104117958,364792,-102099501,140720,-109059063,168144,-113920502,635212,-115006608,138718,-109309596,756917,-110155894,456730,-98336349,6718988,-87363653,4810457,-83292796,0419130,-90658191,6913063,-75136488,8716449,-68625578,2882409,-73219508,8122072,-89863013,9578793,-108613243,508445,-120651494,677656,-111119010,019958,-93642971,2802996,-81683093,3146326,-72568369,8055641,-74347677,7575079
,,,,,,,,,,,,,,,,,,,,,,,,,,,,,,,,
,,,,,,,,,,,,,,,,,,,,,,,,,,,,,,,,
altitudes,,,,,,,,,,,,,,,,,,,,,,,,,,,,,,,,
88333,94999,101665,108331,114997,,,,,,,,,,,,,,,,,,,,,,,,,,,,
,,,,,,,,,,,,,,,,,,,,,,,,,,,,,,,,
latitudes,,,,,,,,,,,,,,,,,,,,,,,,,,,,,,,,
-80,-75,-70,-65,-60,-55,-50,-45,-40,-35,-30,-25,-20,-15,-10,-5,0,5,10,15,20,25,30,35,40,45,50,55,60,65,70,75,80
